0
0
0
0
0
0
0
0
0
0
0
0
0
0
0
0
0
0
0
0
0
0
0
0
0
0
0
0
0
0
0
0
0
0
0
0
0
0
0
0
0
0
0
0
0
0
0
0
0
0
0
0
1
2
0
0
0
0
0
0
0
0
0
0
1
0
0
0
0
0
0
0
1
2
2
2
1
1
2
3
4
5
7
9
13
22
26
26
27
28
25
24
28
38
40
41
40
36
38
45
45
52
45
44
45
44
43
40
34
33
27
22
18
17
13
10
7
5
3
2
5
3
3
1
0
0
1
1
1
1
1
0
0
0
0
0
0
0
0
0
0
1
0
0
0
0
0
0
0
0
0
0
0
0
0
0
0
0
0
0
0
0
0
0
0
0
0
0
0
0
0
0
0
0
0
0
0
1
1
0
0
0
0
1
0
2
1
1
0
3
2
1
2
3
2
3
3
2
1
1
1
2
1
2
2
0
3
1
1
1
0
0
0
1
0
0
0
0
0
1
0
0
0
0
0
0
0
0
0
0
0
0
0
0
0
0
0
0
1
0
0
0
0
2
0
0
0
0
0
0
0
0
1
1
0
1
1
1
1
2
3
2
2
2
2
2
1
0
0
0
0
0
0
0
1
2
1
0
0
0
0
0
0
0
0
0
0
0
0
0
0
0
0
0
0
0
0
1
2
3
2
1
1
0
1
2
1
0
0
0
0
0
0
0
0
0
0
0
0
0
0
0
0
0
0
0
0
0
0
0
