0
0
0
1
1
2
2
1
1
2
1
2
2
1
2
3
2
3
3
4
4
2
1
1
1
2
1
0
0
0
1
2
2
1
1
1
2
1
2
2
3
2
3
2
2
2
3
4
3
3
1
2
1
2
3
4
4
5
5
4
5
5
6
6
5
5
5
8
7
6
6
4
6
4
5
4
3
3
3
5
4
4
4
5
6
5
3
5
6
8
8
6
5
7
6
8
10
11
10
10
13
13
14
16
16
21
26
28
33
32
28
28
29
30
32
33
36
34
35
37
49
46
43
45
48
39
31
26
25
26
26
23
20
16
13
12
14
11
8
6
8
8
8
9
8
5
6
5
4
3
3
2
2
2
1
1
1
1
1
0
3
2
2
4
4
3
3
2
3
4
3
1
2
2
2
1
2
0
0
1
0
1
1
0
0
0
1
1
1
1
0
0
1
0
0
0
0
2
3
3
2
2
2
1
1
1
1
1
1
0
0
0
0
0
0
1
2
1
1
2
0
0
0
0
0
0
0
0
1
3
5
3
4
3
4
6
5
4
2
1
2
0
2
3
2
2
2
2
1
2
1
2
2
1
2
3
3
2
4
3
3
2
1
1
1
3
2
2
2
2
1
3
2
2
2
2
1
1
1
1
1
1
0
1
2
3
3
3
1
1
1
2
0
0
1
3
3
3
3
2
1
1
0
0
0
2
1
1
2
1
0
0
0
1
2
1
0
0
1
1
1
0
2
1
0
0
0
0
0
1
