2
0
0
1
0
1
1
1
2
1
1
2
3
2
1
0
0
0
1
2
0
0
0
1
0
0
0
2
1
1
0
0
0
0
0
1
0
1
1
1
0
2
2
1
1
0
1
0
1
2
2
3
2
2
2
3
3
2
3
2
2
2
2
2
4
3
1
2
1
2
1
0
0
1
0
0
0
0
0
0
0
1
2
1
0
1
2
1
1
1
0
1
2
1
1
1
2
0
0
1
1
2
4
2
3
2
3
5
7
7
10
12
13
16
20
24
27
33
36
33
34
35
34
43
40
36
33
36
40
42
42
42
39
36
37
29
28
24
19
17
14
11
10
9
8
7
7
7
7
8
7
11
9
8
7
9
8
7
5
7
7
6
4
3
4
2
3
4
4
4
3
4
3
4
4
4
2
2
3
3
4
2
1
2
2
1
1
2
1
0
3
2
1
1
0
0
0
0
0
0
0
1
1
1
1
1
2
0
2
2
3
2
1
1
0
2
3
1
0
0
0
1
3
2
1
1
0
0
0
1
2
1
0
0
0
0
1
2
2
3
4
3
2
3
3
2
2
1
3
4
3
3
2
3
2
3
2
1
1
2
1
0
0
0
0
2
1
1
1
1
1
0
0
2
3
4
5
4
4
2
3
4
6
5
5
3
2
1
1
1
1
1
3
2
4
2
1
1
1
1
1
3
4
3
2
2
1
1
3
2
3
2
1
1
2
2
2
3
1
3
2
5
4
3
2
1
1
1
1
1
