0
0
0
0
0
0
0
0
0
0
0
0
1
0
0
0
0
0
0
0
0
1
1
0
0
0
0
1
0
0
0
1
1
2
1
0
0
1
0
1
0
1
1
0
1
1
0
0
0
0
1
1
0
0
0
0
1
0
0
0
0
0
0
0
0
0
0
0
0
0
0
0
0
0
3
5
10
16
15
18
22
24
26
29
32
30
27
27
32
33
31
36
40
44
46
53
52
67
70
67
63
53
45
40
31
26
23
22
19
15
11
12
10
10
6
5
4
5
6
6
4
2
4
3
4
2
1
1
1
1
2
2
2
1
2
1
1
1
0
0
0
1
1
0
0
0
0
0
0
0
0
0
0
0
0
0
0
0
0
2
1
0
0
0
0
0
0
0
0
0
0
0
0
0
0
0
0
0
0
0
0
0
0
0
0
0
0
0
0
0
0
0
0
0
0
0
0
0
0
0
0
0
0
0
0
0
0
1
0
0
0
0
0
0
0
0
0
0
1
2
1
2
0
1
0
0
0
1
0
0
0
0
0
0
0
0
0
0
0
0
0
0
0
0
1
0
0
0
0
0
0
0
0
0
0
0
0
0
0
0
0
0
0
0
0
0
0
0
1
1
1
0
0
0
0
1
0
0
0
0
0
0
0
0
0
0
0
0
0
0
0
0
1
0
0
0
0
0
1
1
1
0
0
0
0
0
1
0
0
0
0
0
0
0
0
0
0
2
1
1
0
0
0
0
1
0
0
0
