0
0
0
0
0
1
0
1
0
0
0
0
0
1
0
0
0
0
0
0
0
0
0
0
0
0
1
1
0
0
0
0
0
0
1
0
0
0
0
0
0
0
0
0
0
0
0
0
0
0
0
0
0
0
1
0
0
0
0
0
0
0
0
0
0
0
0
0
0
0
0
1
0
0
0
0
0
0
0
0
0
0
0
0
0
0
0
0
0
0
0
0
0
0
0
2
2
3
6
8
9
16
16
23
20
24
22
25
30
34
38
40
37
36
43
37
40
38
41
38
37
37
30
30
28
23
20
16
12
9
10
8
7
7
6
6
5
3
3
4
5
3
2
2
2
1
1
2
4
4
3
2
2
1
1
0
0
3
2
1
1
1
0
0
0
0
0
0
0
0
0
0
0
0
0
0
0
0
0
0
0
0
0
0
0
0
0
0
0
0
0
1
1
1
0
0
0
0
0
0
0
0
0
0
0
0
0
0
1
2
1
0
0
0
0
0
0
0
0
0
0
0
0
2
2
2
1
3
2
2
2
2
2
2
3
2
1
1
1
0
1
3
2
2
1
2
2
2
3
3
2
3
2
2
3
2
4
2
2
1
2
2
1
1
0
1
1
1
1
0
0
1
0
0
0
0
0
0
0
1
1
0
0
0
0
0
0
0
0
1
1
2
0
1
2
5
3
2
0
0
0
1
3
1
0
3
2
1
1
1
1
0
0
1
2
2
2
1
0
0
0
2
0
1
0
0
0
0
