26
26
25
26
26
28
29
29
28
27
27
28
28
27
26
26
26
28
28
27
27
26
27
27
27
27
27
27
27
28
28
28
26
25
26
27
27
26
27
27
27
28
28
27
27
27
27
27
28
27
27
26
27
27
27
27
26
25
25
27
27
26
26
25
26
28
28
28
27
27
27
28
28
28
27
27
27
28
28
28
27
27
27
27
28
27
27
26
27
28
28
28
27
26
27
28
28
28
27
28
29
28
28
27
26
26
27
29
31
30
29
29
32
38
31
36
46
48
59
62
60
51
46
49
52
63
71
63
75
80
101
107
114
105
102
101
103
93
94
115
120
108
125
102
99
95
87
81
78
77
81
83
77
77
75
74
68
60
57
51
43
40
38
39
39
34
34
37
35
32
35
35
32
31
29
29
27
28
27
30
29
29
27
26
25
25
25
24
24
24
25
25
25
25
23
23
23
24
25
24
23
23
24
24
25
25
26
26
26
27
27
26
25
25
25
25
25
25
25
26
27
28
25
26
25
25
25
27
26
25
24
24
25
26
26
24
24
25
25
26
26
26
26
26
26
27
27
26
25
24
26
26
26
26
24
24
25
25
25
25
25
25
25
26
26
26
25
26
26
27
26
26
25
26
26
26
26
26
26
25
25
26
25
25
25
25
26
27
26
26
26
27
26
26
26
26
25
24
25
25
25
26
25
26
26
27
27
26
27
26
27
27
26
27
26
26
27
27
26
25
25
26
26
26
26
25
25
25
