30
31
30
30
29
29
30
31
30
31
32
33
35
35
35
34
34
34
35
34
33
33
32
32
32
32
32
32
32
32
33
33
33
33
32
31
31
29
29
29
30
31
32
32
32
32
33
33
34
34
34
32
31
32
34
35
33
34
32
33
34
34
33
33
33
33
34
34
33
33
32
33
35
34
34
33
33
33
33
34
34
35
35
35
34
34
34
32
32
33
33
34
33
33
32
33
34
34
33
33
32
32
33
33
33
32
33
34
34
33
33
34
34
35
35
35
36
35
36
41
38
39
40
43
46
52
50
56
54
55
56
61
67
63
63
57
54
64
65
64
64
60
61
64
63
64
65
65
65
62
61
61
58
61
60
57
54
61
61
61
64
60
57
58
57
56
55
60
61
59
58
57
66
62
65
64
62
64
64
64
64
61
58
54
54
54
56
54
51
50
47
46
45
43
41
40
39
39
38
37
36
35
34
34
34
34
33
33
32
33
33
32
32
31
31
32
32
32
32
31
31
30
29
30
30
30
30
32
33
32
31
30
30
31
32
31
31
30
29
31
32
31
30
29
30
31
32
31
31
30
31
31
31
32
32
32
32
32
31
31
31
29
30
31
30
30
29
29
29
31
31
32
31
29
30
31
31
31
30
31
31
31
31
31
31
32
32
32
32
32
31
32
32
34
33
32
32
31
32
32
32
32
30
29
30
32
32
32
32
31
31
31
31
30
30
31
32
32
33
32
32
32
33
33
33
32
31
