28
28
29
28
27
28
28
28
28
29
29
29
29
28
27
26
26
27
28
28
28
28
26
27
28
28
28
27
27
27
28
28
28
28
28
28
29
28
28
28
27
27
28
28
28
27
27
27
27
28
28
28
28
28
28
28
28
27
28
29
29
29
28
28
28
27
27
28
28
27
26
27
29
28
28
27
28
28
29
29
28
28
27
28
28
28
28
27
28
29
30
28
29
30
30
30
33
35
37
36
38
39
40
41
40
39
41
45
43
41
44
43
44
44
41
41
45
43
49
58
60
56
47
44
44
47
46
43
42
39
41
40
41
42
42
44
45
49
48
46
43
42
44
43
42
39
37
36
36
37
37
34
33
33
34
34
33
32
31
29
30
31
32
30
29
30
28
28
29
29
27
27
27
28
28
27
26
27
28
29
29
28
28
29
28
28
29
28
27
27
27
28
28
27
27
27
28
30
29
30
28
28
29
29
30
28
28
28
28
30
28
27
27
27
27
28
28
27
28
27
28
28
28
27
27
26
27
28
31
29
28
27
28
28
28
28
27
28
28
28
28
27
28
28
29
30
29
29
29
28
29
29
28
28
27
28
28
28
28
28
28
28
28
29
29
28
28
27
28
28
28
28
27
27
27
28
28
29
29
29
29
29
29
28
28
28
29
29
29
28
27
28
29
29
28
28
27
27
28
29
29
29
29
29
29
30
30
28
29
29
29
29
29
29
28
28
29
29
30
28
28
29
29
29
29
29
28
29
