24
24
25
26
25
25
24
25
25
25
25
24
24
24
24
25
24
24
24
23
24
25
25
24
24
23
24
25
25
24
24
24
25
26
25
24
24
25
25
25
25
25
24
24
25
25
25
25
25
25
26
25
25
25
25
25
26
27
27
27
28
28
29
30
31
31
30
30
30
31
30
30
29
30
31
31
30
30
29
29
30
29
29
29
29
30
31
31
31
32
34
34
31
29
28
30
33
33
36
35
34
32
39
40
39
42
37
35
37
36
36
42
40
32
34
35
34
35
37
41
38
43
41
49
50
50
46
42
42
38
45
42
40
46
46
44
39
39
34
32
34
34
35
32
30
30
29
32
30
27
25
25
25
23
21
21
21
22
22
23
22
23
22
22
23
23
21
22
22
22
23
24
23
22
22
22
22
22
22
22
22
21
22
23
23
22
21
22
21
22
21
20
21
23
24
24
25
24
24
24
24
25
24
24
23
24
25
25
24
23
23
24
24
24
24
24
24
25
26
26
25
25
25
25
25
25
25
25
25
25
25
25
25
25
24
25
26
25
25
24
25
25
25
24
25
25
24
24
24
24
25
24
25
25
26
27
26
25
24
26
26
26
26
26
25
26
26
25
25
25
26
27
27
27
26
25
27
27
27
26
26
26
26
26
26
26
25
24
25
27
26
27
26
26
26
26
27
26
26
25
25
26
26
26
26
25
25
26
26
26
26
25
25
26
27
26
27
26
25
26
27
27
27
26
25
26
27
