22
22
22
23
24
24
23
23
23
23
24
24
24
23
24
24
24
24
23
24
22
23
24
23
23
23
23
23
24
22
21
21
21
22
23
22
22
22
24
24
24
24
24
22
22
23
24
24
23
23
24
23
23
23
22
22
22
23
24
24
24
23
24
25
25
24
24
23
22
22
23
23
23
23
23
24
24
24
24
22
23
23
23
23
24
23
23
23
23
24
23
22
22
23
23
22
23
22
23
23
24
24
23
24
23
25
26
25
29
28
32
35
35
38
36
32
37
44
46
47
51
49
46
45
42
45
45
44
44
44
44
42
43
42
45
49
44
39
41
36
32
32
32
30
27
35
35
34
32
31
30
28
26
25
25
23
22
21
21
22
23
22
21
20
21
21
20
21
19
20
20
21
21
19
19
19
20
21
21
20
18
18
20
21
21
21
22
21
21
22
22
22
22
21
21
21
21
21
20
20
21
21
21
21
21
21
22
22
22
22
22
21
21
23
22
22
22
22
21
22
22
21
20
20
23
22
23
22
21
21
21
22
22
22
21
21
21
22
22
23
22
21
21
23
23
23
22
21
21
22
22
21
21
20
21
21
22
21
20
20
21
21
22
21
20
21
21
22
21
21
20
20
21
23
23
23
22
22
22
22
22
21
21
20
20
21
21
21
21
21
22
23
23
23
21
21
22
22
23
22
21
21
21
22
22
22
21
20
21
22
22
21
21
20
21
22
23
22
22
23
22
23
22
23
22
21
23
