25
25
26
24
23
24
24
24
25
26
25
25
25
25
26
25
24
24
25
25
26
26
25
24
25
24
24
24
25
25
25
25
25
24
24
23
23
24
24
24
25
25
25
25
25
25
24
23
24
24
25
25
24
25
25
25
26
24
23
23
23
24
25
25
25
25
25
26
26
26
25
25
24
25
26
25
26
25
25
26
26
25
25
24
24
25
26
26
25
24
24
24
25
25
24
23
24
24
25
25
27
29
28
28
31
32
32
34
38
35
38
46
42
48
48
52
48
51
46
45
45
48
45
46
46
45
55
67
65
69
62
58
53
54
56
50
44
42
45
46
44
40
40
39
40
40
37
39
36
33
32
28
27
25
24
24
25
25
24
23
22
23
25
25
24
23
23
22
23
23
24
22
23
23
23
24
23
23
23
22
22
23
23
24
24
24
24
25
25
24
24
25
25
26
26
26
25
25
25
26
24
25
24
24
24
25
24
25
24
24
24
24
24
24
24
24
24
24
25
25
25
26
26
26
26
26
24
25
25
27
26
25
25
25
26
26
26
24
24
25
25
26
26
25
24
24
25
26
25
24
24
25
26
26
26
26
26
26
27
27
28
26
25
26
26
26
26
27
26
26
26
27
25
25
26
25
25
26
26
26
26
27
27
27
26
25
25
26
27
27
26
25
24
25
26
26
25
25
25
24
24
25
24
24
24
25
25
26
26
24
24
25
25
26
25
24
24
24
25
25
26
25
24
24
25
25
24
24
