25
24
23
24
24
24
23
23
24
25
26
25
24
24
25
25
26
25
24
24
24
24
25
24
24
24
24
25
26
25
24
24
24
25
25
26
25
25
25
26
26
26
25
24
24
24
24
24
24
24
24
25
26
25
25
25
25
25
26
25
26
24
24
25
26
25
24
24
24
24
25
25
24
23
24
26
26
25
26
25
26
26
27
26
26
27
27
28
28
27
30
33
34
31
36
36
38
41
42
45
52
61
57
53
54
54
51
60
59
60
67
64
70
68
74
72
77
73
84
98
94
85
86
90
100
85
76
75
72
67
58
49
46
46
48
43
39
34
33
33
32
31
30
28
28
26
27
27
26
25
24
24
23
25
26
26
25
26
26
26
26
26
26
25
25
25
24
24
24
24
25
25
25
26
25
24
25
26
26
26
25
25
25
26
26
25
26
25
26
27
27
28
27
27
26
27
27
27
26
26
27
27
27
25
25
26
27
28
28
28
26
26
26
27
26
26
25
24
25
26
26
26
25
25
26
26
26
26
24
23
25
27
26
26
26
25
27
27
26
26
25
26
27
27
27
26
26
26
26
26
26
27
25
26
27
27
26
27
26
27
27
27
27
27
26
27
28
28
28
27
27
27
27
28
27
27
27
27
28
28
29
28
28
27
29
29
28
28
27
27
27
27
27
27
27
26
27
28
27
27
27
27
27
28
27
27
26
26
27
27
27
26
25
26
26
27
26
26
25
26
27
27
27
26
27
27
28
