26
26
27
27
27
26
25
26
28
27
27
26
26
26
26
26
26
26
26
26
27
27
27
26
25
27
27
27
26
26
26
25
26
26
27
25
25
25
26
27
27
26
25
25
27
27
28
27
26
27
28
28
28
27
27
27
28
28
27
26
26
26
27
26
26
26
26
27
27
27
27
27
27
27
28
28
27
26
27
26
28
28
27
27
27
28
28
28
28
30
27
27
28
31
27
28
30
27
29
33
35
38
43
48
47
48
48
48
56
58
60
58
58
62
60
61
64
65
60
57
60
59
55
56
56
58
55
60
59
65
59
55
61
61
64
59
66
73
66
66
79
85
78
100
98
97
101
95
88
77
67
64
64
67
59
55
52
51
52
50
46
44
41
40
39
39
37
36
35
35
36
34
33
32
30
29
29
30
29
28
29
30
29
29
28
28
26
27
27
28
26
26
26
27
28
27
26
26
26
28
28
27
27
26
27
27
27
28
28
27
28
28
30
30
29
28
28
28
28
28
29
28
26
27
27
28
28
28
28
29
29
29
28
28
27
27
28
29
29
28
28
28
28
29
28
27
26
26
28
28
28
26
27
28
28
28
28
27
28
28
29
29
29
28
28
28
28
28
27
28
27
27
28
28
27
27
27
28
28
28
28
28
27
28
28
29
28
26
27
27
28
28
27
27
27
27
28
28
28
27
27
28
28
28
27
27
27
28
29
29
28
28
28
29
30
29
29
28
28
28
29
28
28
28
28
29
30
30
