23
23
23
22
22
22
22
22
22
21
21
21
23
23
22
22
22
22
23
23
23
22
21
22
23
22
22
22
22
22
23
23
22
21
22
22
22
22
22
22
22
23
23
22
22
22
21
22
23
23
22
22
22
22
23
23
23
22
21
22
23
22
23
22
22
23
23
23
22
22
22
22
22
22
22
21
22
22
23
23
22
22
21
22
23
23
22
22
23
23
23
22
23
22
22
23
23
22
23
22
22
22
23
22
22
22
22
23
23
26
27
26
29
29
32
36
34
33
37
36
35
38
37
37
35
36
37
40
40
45
42
44
47
60
57
56
57
55
61
55
67
65
61
59
57
59
55
57
57
58
52
49
45
40
36
34
32
29
27
25
25
25
24
24
24
24
23
24
24
23
22
21
20
23
23
22
21
22
21
22
22
23
23
22
22
23
23
22
22
21
21
23
23
24
24
23
23
23
23
23
22
23
23
24
23
23
23
22
22
23
25
25
24
23
24
25
24
24
23
23
22
24
24
24
24
22
23
23
23
23
22
22
23
24
24
24
24
23
23
24
24
23
23
23
23
24
24
24
23
24
25
25
24
25
24
24
24
24
25
25
24
24
24
25
26
24
24
24
24
25
25
25
25
24
25
25
25
25
25
25
25
26
26
25
25
26
26
25
25
25
24
24
25
26
26
25
24
24
25
26
27
25
25
23
23
24
24
24
24
24
24
26
26
26
26
26
26
27
25
25
25
25
26
27
27
26
25
