21
20
20
20
20
21
20
20
20
21
21
22
22
21
21
21
20
21
20
20
20
20
20
21
21
22
20
20
21
21
21
21
20
20
21
21
22
22
22
22
22
23
24
24
23
22
23
24
24
24
23
23
24
25
26
25
26
26
27
27
27
26
26
25
25
26
27
26
25
25
25
27
27
27
26
26
26
27
28
27
27
26
27
27
28
28
27
27
27
28
29
29
28
28
29
29
28
27
27
26
27
28
27
26
26
25
28
33
33
32
32
31
37
58
53
54
58
57
68
64
64
62
74
78
82
79
80
79
72
72
72
66
69
79
78
71
77
71
68
60
60
63
58
54
46
45
47
43
39
37
32
28
25
26
25
24
24
24
21
22
22
21
21
21
20
22
23
24
24
24
23
22
22
23
22
22
20
20
22
23
23
23
23
23
23
24
24
23
24
23
24
25
25
24
24
24
24
25
25
24
24
25
27
27
25
24
25
23
24
25
24
24
23
23
24
24
24
24
23
24
26
26
25
24
24
24
25
24
24
24
24
24
24
25
24
24
24
24
24
25
25
25
23
24
25
26
25
25
25
24
25
26
25
23
22
23
24
25
24
24
24
24
25
26
25
24
24
23
24
24
25
24
24
25
25
25
25
24
24
24
26
26
25
25
25
26
26
27
27
26
26
27
27
27
27
25
25
26
26
26
25
25
25
25
26
27
26
25
25
25
26
26
25
25
26
25
26
25
24
24
24
25
26
26
25
25
25
