25
25
25
24
25
24
24
24
25
25
25
25
24
25
26
25
25
25
24
25
24
24
24
24
23
24
25
26
26
25
24
24
25
24
24
24
24
24
25
26
24
24
23
24
25
25
24
24
24
25
25
25
25
24
23
24
25
25
25
25
24
24
25
25
24
24
23
24
24
25
25
25
25
25
26
26
25
24
24
25
26
26
26
26
26
26
27
27
26
25
26
26
27
27
28
27
27
27
29
28
32
30
32
30
34
35
48
51
46
48
52
66
79
93
100
101
98
96
92
106
131
128
118
112
110
97
115
119
117
121
114
102
98
95
93
98
90
97
90
90
84
69
75
68
65
60
57
51
44
41
38
36
35
34
33
32
31
30
30
30
29
29
27
26
26
28
26
27
26
27
27
27
28
27
26
25
26
26
25
25
25
26
26
27
26
25
25
25
25
25
25
25
25
26
26
26
27
26
25
26
26
27
26
25
25
26
25
26
26
24
25
25
26
26
25
24
24
25
26
26
26
26
25
26
28
26
25
24
25
24
25
25
25
24
24
24
24
25
25
24
25
24
26
26
26
25
24
25
25
25
24
24
24
24
25
24
24
23
24
24
25
25
25
24
24
25
26
24
24
24
24
24
25
25
24
24
24
24
25
27
27
26
26
27
27
26
26
25
25
25
26
26
26
25
25
25
26
26
26
26
26
25
26
26
25
25
24
26
26
26
26
26
25
26
26
27
26
25
25
25
26
26
25
24
25
25
26
26
25
25
