18
18
18
17
17
18
17
18
18
19
18
18
18
18
20
20
20
20
19
19
19
20
19
18
19
18
19
19
19
20
18
18
17
18
18
19
18
18
18
18
18
19
18
18
18
18
19
19
17
17
18
19
19
19
17
18
18
19
19
19
19
19
20
20
19
19
19
19
18
19
19
19
18
18
18
19
20
19
19
19
18
20
19
20
19
18
18
19
19
19
19
17
18
18
18
19
19
20
20
20
20
20
19
19
19
19
20
21
23
23
25
30
34
32
36
40
40
47
54
59
60
57
61
56
67
79
83
78
109
100
96
83
76
72
80
69
62
55
53
52
46
42
40
36
33
31
29
27
25
22
21
21
20
20
20
20
20
20
19
18
17
18
17
17
16
18
19
18
19
19
18
18
18
18
19
17
17
18
19
19
19
17
17
19
20
18
18
18
18
19
19
18
19
19
19
19
20
19
19
19
18
18
19
18
19
19
19
20
20
20
19
20
19
19
19
19
19
19
19
19
21
19
19
19
19
19
20
19
19
18
19
20
20
21
20
20
20
20
20
19
19
20
20
19
20
20
19
19
18
20
20
20
20
19
19
20
19
20
19
18
18
18
19
20
20
20
20
20
21
21
21
19
19
19
19
19
19
19
18
19
20
19
19
19
20
20
21
20
20
20
19
19
20
20
21
21
20
19
19
20
19
19
19
19
20
20
20
19
19
19
20
20
20
19
19
19
19
20
20
19
18
19
19
20
21
21
21
21
