31
31
33
33
32
32
32
33
34
33
32
32
31
31
32
32
31
31
32
33
34
33
32
32
32
32
32
32
32
32
32
34
34
34
34
33
33
34
35
34
34
34
33
35
35
34
34
32
33
33
33
33
33
33
34
34
35
34
33
34
33
34
35
36
35
37
37
38
39
39
38
37
37
37
39
40
40
39
39
41
42
41
40
40
39
39
41
40
40
41
40
41
42
39
38
38
39
42
42
42
38
39
39
43
46
41
39
39
35
39
38
37
39
39
41
44
46
48
45
49
46
47
43
44
44
43
43
45
43
41
44
46
47
45
50
46
46
46
44
43
43
40
44
42
42
43
42
38
40
41
42
43
43
39
40
40
40
41
40
38
36
36
36
38
36
35
33
33
32
32
32
31
28
29
29
30
29
29
29
29
30
30
30
30
29
29
29
30
29
28
27
28
28
29
29
28
28
30
30
31
30
29
27
27
28
29
27
27
27
27
29
30
29
29
28
28
28
28
28
28
28
28
29
29
30
28
29
28
28
29
29
27
26
28
29
30
30
29
29
28
28
28
28
27
27
27
27
28
28
27
27
28
29
29
29
28
28
29
30
30
30
30
30
29
31
30
29
31
30
31
32
31
31
30
28
28
28
28
28
28
28
28
28
28
29
29
27
28
28
28
30
28
28
28
29
30
29
28
28
27
28
28
27
27
27
29
29
29
28
28
27
27
28
30
29
28
30
30
31
31
31
30
29
29
29
30
30
31
