25
25
25
25
25
25
25
26
26
26
25
25
25
25
25
25
24
24
24
26
26
26
26
25
25
27
26
26
25
26
26
25
26
24
24
24
24
25
25
25
24
24
25
26
26
25
24
24
25
26
26
26
25
24
25
26
27
25
25
24
24
25
25
25
25
24
24
26
26
25
26
26
26
27
27
26
26
26
26
26
26
26
26
25
25
26
26
26
25
26
27
27
27
26
26
25
25
26
26
25
25
26
26
26
26
26
28
26
26
31
32
35
36
40
49
51
60
71
72
63
77
72
71
83
82
75
78
76
74
82
69
90
81
85
76
71
76
73
68
72
66
70
64
73
72
73
73
64
57
49
45
45
41
36
35
34
32
31
30
28
26
24
24
23
23
23
23
22
22
22
22
22
22
21
20
21
22
21
21
21
21
22
22
22
22
22
23
24
23
23
22
22
23
24
23
21
21
22
22
23
23
22
22
22
22
22
22
23
24
24
24
25
24
24
23
23
24
25
24
23
24
24
24
26
26
25
25
23
24
25
25
25
24
24
24
25
24
23
23
22
23
24
24
23
22
22
23
25
26
25
25
23
23
24
24
24
23
24
24
24
24
24
24
23
23
24
24
24
24
24
24
25
25
25
25
23
24
24
24
24
23
22
23
24
23
22
23
23
23
23
23
24
23
24
25
25
25
25
24
23
23
24
24
23
22
23
23
24
23
22
22
22
23
24
24
23
22
22
23
24
24
23
22
21
21
22
22
