18
18
19
18
18
19
19
19
19
18
17
18
18
18
18
18
18
18
18
19
18
18
18
16
17
17
18
18
17
17
18
18
17
18
17
17
17
18
18
18
17
17
17
18
18
18
17
18
18
19
18
18
18
18
18
19
19
18
17
17
17
18
19
18
18
18
18
18
18
19
18
18
17
19
19
18
19
18
18
19
19
18
18
18
17
17
18
17
18
18
19
19
19
18
18
18
17
19
18
18
18
19
18
19
20
21
22
21
21
21
23
24
27
30
38
43
42
43
54
50
58
70
77
86
75
76
79
74
78
77
82
93
79
79
77
68
61
57
60
50
44
39
35
33
29
26
24
22
20
19
18
18
18
17
16
16
15
15
16
16
15
16
17
17
16
16
16
17
16
16
16
16
16
16
16
16
16
16
16
16
15
15
16
17
16
16
17
17
17
16
17
17
17
17
18
19
17
18
17
17
18
17
17
16
16
17
18
18
18
19
18
18
18
18
17
17
17
16
17
17
17
16
17
17
18
18
17
17
16
17
17
18
17
16
16
16
16
16
17
16
16
16
17
17
17
16
16
16
16
16
16
16
16
17
17
17
17
17
16
17
17
17
18
16
16
16
16
17
17
17
17
18
18
18
18
17
16
16
17
17
17
17
16
16
17
17
16
17
16
16
16
17
16
16
17
17
17
18
15
16
16
17
16
17
17
18
17
17
18
18
18
18
18
18
18
18
18
16
16
16
16
16
16
17
18
17
17
17
