19
19
20
19
19
19
19
19
18
20
20
20
20
20
20
20
21
20
20
20
20
20
20
20
20
20
20
20
21
21
21
20
20
21
20
20
20
20
19
20
20
20
20
20
19
19
20
19
19
19
19
19
20
20
19
19
19
19
20
19
19
19
19
21
21
20
21
21
21
21
21
20
20
20
21
21
21
20
20
20
20
20
20
19
19
20
21
22
21
21
21
20
20
20
21
20
20
20
20
20
21
20
20
20
20
21
21
20
21
21
20
21
21
20
20
19
20
20
19
17
17
20
26
34
40
40
42
34
33
56
53
73
68
77
79
77
84
77
85
88
84
84
103
88
84
82
101
92
94
97
90
77
80
88
79
80
84
89
91
98
82
72
68
64
67
65
55
46
40
37
34
30
28
26
25
23
21
24
24
23
22
22
22
21
20
20
20
20
20
21
20
20
19
18
19
20
20
20
19
19
19
20
19
19
18
19
18
19
20
20
19
19
18
18
19
20
20
20
21
22
21
21
20
19
19
21
21
20
19
20
20
21
21
20
19
19
20
20
21
20
20
20
20
20
19
19
18
19
19
20
19
19
19
19
20
20
19
20
19
19
20
20
19
20
19
20
21
20
21
20
19
19
20
19
20
19
19
19
20
20
20
20
19
19
20
20
20
20
19
20
21
21
21
20
21
21
22
21
21
20
19
20
20
21
20
21
20
20
20
21
21
20
19
19
20
22
21
21
20
20
21
21
20
19
19
20
21
