21
21
21
21
21
21
21
21
21
21
22
22
22
20
20
20
21
21
20
20
20
20
21
21
21
20
20
21
21
22
21
20
21
21
22
22
22
21
19
21
20
20
20
20
19
19
20
21
20
20
20
21
22
21
21
20
19
20
21
20
19
19
19
19
20
20
19
19
20
20
21
21
21
20
20
20
21
21
20
20
20
20
21
21
21
21
21
21
21
21
21
20
21
21
23
23
22
22
23
19
21
25
30
33
40
40
38
39
39
51
56
51
48
58
63
66
65
73
94
107
98
117
105
90
76
74
63
62
64
64
61
54
53
53
51
45
46
41
40
36
34
32
30
29
28
27
25
24
24
22
21
19
19
19
21
22
20
20
22
21
22
22
21
20
21
21
22
22
21
22
22
22
22
22
21
21
19
20
21
22
21
21
20
21
21
22
21
23
22
22
23
23
23
24
23
24
24
24
23
23
21
21
21
22
22
21
21
20
22
22
22
22
21
21
21
22
22
21
21
21
22
22
22
22
21
22
22
22
22
21
21
21
21
21
22
21
21
21
22
22
22
21
21
21
22
23
22
22
21
22
22
22
22
21
21
21
22
22
23
22
22
22
23
23
23
23
22
23
22
22
22
21
22
23
23
25
24
23
22
22
22
23
23
22
22
22
22
22
22
21
20
21
21
21
21
21
20
21
22
21
21
21
20
21
22
22
22
22
21
21
22
22
22
21
21
22
22
22
22
22
22
22
22
22
22
21
20
