29
28
28
28
29
28
28
27
29
30
29
29
28
28
27
27
28
28
28
27
27
28
28
29
29
27
28
28
28
29
28
28
28
29
30
30
29
28
27
27
29
28
28
28
27
28
28
29
28
27
27
28
29
29
28
27
27
28
29
29
28
29
29
29
29
29
29
28
28
28
29
28
28
28
27
28
29
29
29
29
29
29
29
28
28
27
27
28
30
29
28
29
29
30
30
29
28
28
27
29
29
30
29
29
30
30
32
33
33
35
36
39
40
40
39
37
36
39
43
40
39
38
37
38
42
40
38
40
42
41
44
49
49
56
56
63
67
68
65
73
74
84
77
90
78
83
75
80
87
93
100
86
91
104
95
88
73
64
54
55
48
46
40
35
34
35
35
32
32
32
32
32
32
31
30
30
30
28
28
27
26
26
25
26
26
26
24
24
25
26
27
27
27
26
26
27
27
26
25
25
25
26
26
26
25
25
25
26
26
26
26
26
26
27
28
27
26
26
26
27
27
27
27
27
26
28
28
27
26
26
26
26
27
27
26
26
25
27
28
27
27
27
27
28
29
28
27
26
27
28
28
28
27
26
26
29
29
28
27
27
27
28
28
27
27
27
27
28
28
28
28
27
27
28
28
27
27
26
26
27
28
28
26
26
26
27
28
27
27
26
27
27
28
28
27
28
28
28
29
28
27
27
27
27
28
27
26
26
27
29
28
28
28
28
27
28
28
28
28
28
28
28
28
28
28
27
27
