27
26
27
27
26
27
26
26
27
27
27
26
25
26
26
27
27
27
27
26
26
27
27
26
25
25
26
27
27
26
27
26
27
27
27
26
25
25
26
28
27
26
26
26
27
27
27
26
25
26
27
27
27
26
25
25
26
26
26
26
26
26
27
27
26
26
26
26
26
27
27
27
26
27
27
27
27
26
25
26
27
27
26
26
26
27
28
28
27
28
27
27
27
27
26
26
26
26
27
27
27
26
25
27
30
30
27
30
35
35
39
36
39
41
53
51
59
58
60
64
70
69
73
74
74
98
86
80
77
79
79
86
85
82
85
85
74
87
76
79
81
95
88
80
85
78
77
68
59
65
69
72
63
70
72
68
63
63
64
62
61
57
52
46
45
43
41
41
39
37
37
35
33
32
31
30
29
29
27
27
27
27
27
27
27
26
24
25
24
25
24
24
24
24
25
24
25
25
24
25
25
25
25
25
25
25
27
26
25
26
26
25
25
26
26
25
25
25
25
25
25
24
24
25
26
25
25
25
24
25
27
27
26
26
25
25
26
27
26
25
24
26
27
26
25
25
25
26
27
26
25
25
25
25
26
26
25
24
24
25
25
26
26
26
27
28
27
28
27
26
26
26
27
27
26
26
26
27
27
27
27
25
25
25
26
26
25
25
25
25
25
26
26
25
25
25
26
26
25
26
25
26
26
25
25
24
24
25
25
25
25
25
25
26
27
26
26
25
25
26
26
26
26
25
25
26
27
27
