21
21
20
21
21
20
20
20
20
20
20
21
20
20
20
20
20
20
20
20
21
22
21
22
20
21
21
21
20
21
22
22
22
22
22
22
21
20
20
20
20
19
20
20
20
21
20
20
20
21
22
22
22
22
21
22
22
22
21
21
21
21
22
22
21
21
21
20
21
22
22
22
21
21
22
22
22
22
21
21
22
21
22
21
21
20
21
21
22
21
21
21
22
22
21
21
20
20
21
22
21
20
20
19
20
20
20
20
21
24
28
29
30
29
29
30
28
29
28
28
26
27
28
28
29
28
27
26
26
27
27
26
26
25
25
25
27
26
25
27
26
26
25
26
26
25
27
34
35
40
43
49
52
58
60
78
92
92
94
82
80
105
107
102
104
102
102
97
82
98
86
75
70
70
67
68
77
80
74
61
51
45
38
36
32
29
26
24
24
26
24
24
22
20
20
19
19
18
18
19
19
20
21
20
18
19
19
20
19
18
19
19
18
18
18
19
18
18
19
19
19
19
19
19
18
18
18
17
18
17
17
19
18
19
18
18
19
20
20
19
20
20
20
20
20
18
19
20
20
20
20
20
21
21
21
20
20
19
19
20
20
20
20
20
20
20
20
21
20
20
20
21
21
20
19
19
19
20
20
21
21
20
20
21
21
21
21
19
20
20
20
20
20
19
20
20
19
19
19
18
19
19
20
21
20
20
19
20
21
20
20
20
19
19
20
20
19
19
19
20
20
20
20
19
19
20
20
19
