30
30
30
29
30
29
30
30
28
29
28
28
30
30
29
29
28
28
29
29
30
29
29
30
30
30
29
28
28
28
30
30
30
29
28
29
30
29
29
29
29
29
30
30
30
29
30
29
31
29
30
29
28
29
30
30
29
29
29
29
30
30
29
29
28
28
29
29
28
28
28
29
31
30
30
29
29
29
30
30
29
29
29
29
29
29
30
29
28
29
30
30
29
28
29
30
30
30
30
29
29
29
30
30
29
29
29
29
29
29
30
28
29
29
30
29
29
29
29
29
29
29
29
28
28
29
31
29
30
29
28
29
30
29
29
29
30
30
30
30
29
29
29
30
30
29
29
29
29
29
30
30
30
28
28
30
30
30
30
30
30
31
32
30
30
30
30
32
32
32
34
34
33
34
35
34
35
36
37
38
38
38
36
46
52
50
47
50
50
53
58
59
57
51
52
45
48
68
65
59
55
49
46
39
44
45
44
42
44
45
46
42
42
50
56
53
49
45
45
48
55
52
50
44
38
41
39
38
34
32
30
30
30
30
30
29
27
26
26
28
28
27
26
24
24
23
23
24
25
25
25
26
26
26
26
26
26
27
26
27
26
28
28
29
29
28
29
28
28
28
28
29
29
29
30
31
31
32
29
29
30
31
31
30
30
30
30
31
31
29
29
29
30
30
31
30
30
30
30
30
31
31
30
29
29
30
31
30
30
30
29
30
30
31
30
30
29
30
30
29
29
28
29
29
30
28
28
