26
26
25
25
26
26
25
25
25
25
26
26
27
26
25
25
25
26
25
25
25
25
26
26
26
26
26
26
27
26
26
26
25
26
27
27
26
26
25
26
26
27
26
26
25
25
27
26
26
26
26
26
27
27
26
26
26
26
27
27
26
26
26
26
27
27
26
26
26
26
27
27
26
26
26
26
26
27
27
26
26
27
28
27
27
27
27
26
27
27
28
28
28
29
28
30
28
26
26
28
29
32
29
30
27
29
51
53
78
70
75
84
81
80
82
82
83
95
104
99
95
90
91
82
80
86
83
83
84
87
91
101
106
98
105
115
110
94
91
89
87
86
80
78
77
66
60
56
58
55
50
48
46
44
41
39
38
34
32
32
31
29
27
26
26
27
27
27
26
26
25
26
27
27
25
24
24
25
26
26
25
24
24
25
26
26
25
25
25
25
26
25
25
25
25
25
26
26
26
26
26
27
27
26
27
25
25
26
26
27
26
26
25
25
26
24
24
24
25
26
26
26
26
25
26
26
27
26
26
26
25
26
26
25
25
25
26
27
27
26
26
26
26
26
26
27
26
25
26
27
27
27
27
26
26
26
27
27
26
26
26
27
27
26
28
27
27
27
26
26
26
25
25
26
27
27
27
26
26
26
27
27
26
25
26
26
26
26
26
25
25
25
26
27
27
25
25
27
27
27
26
26
27
27
27
26
28
27
27
28
28
28
27
26
26
26
27
27
27
27
27
28
27
27
26
25
25
26
