28
27
27
27
27
27
28
27
26
26
28
28
27
27
26
27
28
29
28
28
27
27
27
30
29
29
28
28
29
29
29
29
28
28
28
29
28
28
28
29
29
28
28
27
28
28
29
29
28
28
28
28
28
28
28
27
27
28
29
29
29
27
27
28
27
28
27
27
27
27
27
28
27
27
27
28
29
29
29
29
28
29
29
30
29
28
27
27
29
29
28
27
27
27
28
27
28
27
26
27
29
29
28
27
26
27
27
28
27
28
26
27
28
28
28
26
26
26
27
27
27
26
26
27
28
27
29
28
29
29
29
28
30
35
37
40
45
50
58
66
87
89
82
80
82
96
89
91
80
88
94
79
88
81
77
75
69
62
63
68
82
92
94
95
88
93
80
80
73
81
84
80
72
64
63
69
76
75
69
72
70
69
75
80
68
63
55
61
66
60
55
48
44
42
41
42
41
35
35
33
32
31
31
30
28
27
28
29
29
28
27
27
26
25
27
25
26
25
25
25
27
24
24
24
24
24
25
25
25
25
24
25
26
26
25
25
24
24
25
25
25
26
25
26
27
27
26
29
28
29
29
29
29
29
31
32
32
32
32
31
32
32
33
33
32
30
31
31
30
30
31
30
32
32
33
32
32
31
30
31
32
32
32
30
32
32
32
31
32
30
30
30
31
31
30
29
29
30
30
30
30
30
31
31
31
30
29
30
30
30
30
29
29
29
29
29
29
29
28
28
28
29
30
29
29
29
29
