22
21
23
22
22
21
21
21
22
23
22
23
22
22
24
23
23
22
22
22
22
22
22
21
21
21
22
22
22
23
22
22
22
22
23
22
22
22
23
23
22
22
21
21
22
22
23
22
21
22
23
24
23
22
21
21
22
22
21
22
22
22
22
23
23
23
22
23
23
23
22
22
22
22
23
22
22
21
21
21
22
21
22
21
21
22
21
21
22
22
22
22
22
23
22
22
23
24
26
27
25
26
25
26
27
26
26
29
31
34
32
31
32
33
31
33
35
46
44
48
50
60
88
82
82
70
67
69
62
61
64
66
62
72
77
80
76
92
105
101
87
101
92
85
76
78
70
58
50
43
40
36
34
31
29
27
25
25
24
24
23
22
21
20
20
20
21
22
21
21
20
20
20
20
20
20
20
20
20
20
20
20
21
21
21
19
20
20
20
20
20
20
20
20
21
19
19
20
19
20
20
20
20
20
20
22
21
21
21
21
21
21
21
21
20
20
19
20
20
22
21
20
20
20
20
21
20
20
20
21
21
20
20
20
19
20
20
21
20
20
21
20
20
22
21
21
22
21
21
21
20
20
21
21
21
21
22
21
21
22
22
21
20
20
20
22
21
20
21
21
21
22
21
21
21
20
21
22
22
21
20
20
20
21
22
21
21
21
22
23
22
21
21
21
21
21
22
22
22
21
21
21
21
20
21
21
21
21
21
21
21
21
22
22
22
21
20
20
19
20
20
20
20
20
20
21
21
21
