21
21
20
20
19
20
19
20
19
19
19
18
19
20
19
18
18
19
19
20
19
18
18
19
19
20
20
20
19
18
19
19
20
19
18
18
19
20
21
20
20
20
20
20
20
20
20
20
21
22
21
20
20
20
20
21
20
19
19
19
20
21
20
20
20
19
19
20
20
19
18
19
20
21
21
20
21
21
21
22
22
21
20
20
21
21
21
20
20
20
20
20
20
19
19
19
20
20
20
20
19
19
20
20
20
20
19
20
20
21
22
22
23
23
29
35
35
33
33
36
39
45
51
65
69
73
65
70
72
68
59
67
64
73
80
72
64
71
69
65
61
62
64
57
50
45
40
36
31
29
27
25
26
24
24
23
24
23
23
22
20
20
19
19
19
20
19
18
18
18
17
17
17
18
18
19
18
18
19
19
19
20
20
20
19
19
19
20
20
19
20
19
20
20
20
19
18
18
20
20
20
20
20
19
20
20
19
19
19
18
19
20
20
20
18
18
19
20
20
19
19
18
19
19
19
18
19
18
19
20
20
19
20
19
19
19
19
19
19
19
19
20
20
21
21
20
20
20
20
19
19
19
19
20
20
20
19
19
19
19
20
20
18
19
21
20
20
20
20
19
19
19
20
19
19
19
19
21
22
22
21
21
21
21
21
22
22
22
21
21
21
20
20
20
19
19
20
19
19
18
19
19
20
19
19
20
19
20
20
20
18
18
18
19
20
20
19
19
18
20
20
20
20
19
19
19
20
20
