17
16
15
16
17
17
18
17
16
17
17
18
19
18
17
17
18
18
18
17
17
17
18
18
18
17
17
16
18
18
18
17
17
17
17
18
18
18
17
17
16
17
17
17
16
16
16
16
16
16
16
16
17
18
17
18
17
17
17
17
18
17
17
16
17
17
18
17
17
16
17
17
17
17
17
16
16
16
16
16
16
16
16
17
17
18
18
17
17
17
18
17
17
16
16
16
17
18
17
17
17
17
18
18
18
18
18
18
18
18
18
18
17
17
17
17
16
17
16
16
15
19
19
22
25
35
32
34
32
33
33
31
50
66
68
79
73
80
81
73
70
77
72
71
64
72
69
78
85
81
81
88
91
80
80
68
62
56
52
48
46
42
39
37
32
28
27
25
25
23
21
19
18
18
18
19
19
19
19
18
19
18
17
18
18
18
19
17
17
18
17
16
18
18
17
16
16
17
17
16
16
16
16
17
17
17
17
17
16
16
18
17
17
16
16
16
17
17
17
16
16
16
16
17
16
16
16
16
17
18
17
18
17
17
18
18
18
19
17
19
19
19
19
18
18
18
19
19
18
19
18
18
18
17
17
16
16
17
18
19
18
18
18
17
18
18
19
19
19
18
18
19
19
19
18
18
20
20
19
19
20
19
19
19
18
18
18
18
17
17
17
16
15
17
17
18
18
18
17
18
19
19
19
19
17
17
18
18
18
18
18
18
18
18
19
17
18
18
19
19
19
18
17
17
17
18
18
18
