25
26
26
25
25
26
27
26
25
26
25
25
26
26
26
25
24
25
26
26
25
24
23
24
25
26
26
26
26
26
27
27
26
25
24
24
25
26
25
26
25
26
26
25
25
25
24
25
26
27
27
26
26
26
26
26
26
26
26
26
27
27
26
25
24
25
26
27
26
26
26
26
28
27
26
26
26
26
27
27
26
26
25
26
27
27
26
26
25
26
27
28
27
26
25
26
26
26
26
25
26
26
27
27
26
25
25
25
26
25
25
25
25
26
27
28
27
26
25
28
29
27
30
33
38
55
64
63
62
59
56
64
64
55
70
65
61
62
61
71
73
70
71
74
65
55
61
63
77
90
90
87
79
80
75
80
89
89
78
90
86
81
79
75
65
58
61
57
53
54
54
51
48
45
44
42
39
37
36
34
34
32
29
28
29
29
29
28
29
29
27
28
28
28
28
28
28
28
29
28
27
27
26
28
28
27
27
27
27
27
28
28
28
27
27
27
28
27
28
27
27
27
28
28
26
26
25
25
25
24
25
25
26
26
26
26
27
26
26
26
26
26
27
27
26
27
27
27
28
27
26
26
27
27
26
26
26
27
27
26
26
26
26
27
27
28
26
26
25
25
26
25
26
25
26
28
28
27
26
26
26
26
27
26
26
25
25
26
25
27
26
27
26
26
27
27
26
25
25
27
27
26
26
25
25
26
26
26
26
25
25
26
26
26
26
26
26
26
27
27
26
26
26
27
27
27
26
