28
28
27
26
26
27
27
27
26
26
26
27
27
27
27
26
27
27
27
26
26
27
28
28
28
28
27
27
27
28
28
27
27
27
27
27
27
27
26
26
27
27
27
27
27
27
28
28
29
28
27
26
27
28
27
27
26
26
26
27
26
26
26
26
27
28
28
27
26
26
28
28
27
27
27
28
28
28
28
28
27
27
28
28
28
27
27
26
27
29
28
28
28
28
30
31
30
31
30
32
36
32
37
37
37
40
45
43
43
40
41
36
48
49
56
55
52
52
52
54
53
52
58
56
61
59
63
61
64
60
65
58
75
70
63
63
65
65
69
76
64
55
57
54
45
47
41
39
38
37
34
30
28
28
26
26
25
25
24
25
25
25
25
25
26
24
24
25
24
24
24
24
24
25
24
24
23
24
24
25
25
24
24
25
25
25
26
26
27
27
27
28
27
26
25
25
25
26
27
25
25
26
27
27
26
25
24
25
25
26
26
25
27
27
28
27
27
26
26
26
27
27
27
26
25
25
27
27
25
25
24
25
26
27
27
27
26
27
27
27
26
26
26
26
26
26
26
26
26
27
29
29
27
26
26
26
27
27
27
26
26
26
27
27
26
25
25
26
26
28
28
28
27
28
28
28
27
26
25
26
27
27
27
26
26
26
27
27
27
27
26
27
28
27
26
27
26
27
28
28
27
27
27
28
28
28
27
27
27
27
28
28
27
27
26
27
27
27
27
26
28
28
28
28
27
27
26
