30
30
30
30
29
27
27
27
28
28
30
29
29
29
29
29
29
27
27
28
29
29
29
28
28
29
30
30
30
29
28
29
30
30
29
29
29
29
29
29
28
28
27
27
28
28
27
26
27
28
29
29
28
27
26
28
28
28
27
27
28
29
30
30
28
28
29
28
29
30
28
28
28
29
29
30
28
28
28
28
29
29
28
27
28
28
29
29
29
29
28
28
29
29
28
29
29
30
32
31
31
30
30
31
33
39
40
39
39
40
42
45
45
50
52
53
57
50
48
49
46
46
47
47
46
48
47
54
57
52
56
60
54
52
50
47
48
46
45
53
54
58
52
57
58
59
53
50
55
54
47
57
61
61
54
48
45
51
49
47
43
40
42
40
40
38
36
36
36
35
33
32
30
30
29
29
28
27
27
27
27
27
27
26
26
26
25
26
26
27
25
25
27
28
27
27
27
26
27
28
28
27
27
27
29
29
29
29
29
29
28
28
29
28
27
27
28
30
29
29
28
28
28
29
28
27
27
27
28
29
28
27
27
27
28
29
28
28
27
28
30
30
30
28
27
26
27
28
28
27
28
28
28
29
28
28
27
28
28
28
29
28
28
28
28
30
29
29
28
28
28
29
28
29
28
28
29
28
28
28
27
28
29
29
28
27
28
28
29
29
28
28
28
28
29
29
28
28
28
28
29
30
29
28
28
28
28
29
29
29
28
28
29
29
29
28
28
28
30
30
28
28
27
28
28
29
29
28
