25
26
26
25
25
25
26
26
26
26
26
26
28
28
27
26
25
26
26
27
26
25
26
26
26
26
26
26
25
26
25
26
26
26
26
26
27
27
27
26
26
25
26
26
26
26
25
25
25
26
26
25
26
26
26
26
26
25
26
26
27
27
26
25
25
26
27
27
26
26
26
27
27
26
27
26
26
26
26
26
26
26
26
26
27
26
26
25
25
25
26
26
27
26
26
27
28
29
29
25
27
35
46
45
43
39
40
39
37
45
45
49
51
55
58
62
58
60
58
65
71
69
68
73
70
72
74
64
62
57
52
49
62
64
52
52
50
47
49
48
45
50
48
52
46
41
35
32
32
34
34
29
25
24
27
27
28
28
27
26
26
26
26
26
26
25
25
25
25
25
24
23
24
22
22
23
23
23
24
24
25
24
24
25
25
25
25
25
24
25
24
25
25
24
24
24
25
25
26
25
24
23
23
25
25
25
25
25
25
25
25
25
25
25
24
26
26
26
26
26
27
27
26
26
26
26
26
27
27
27
27
27
27
27
27
26
27
27
27
28
27
26
26
27
27
27
27
27
27
27
27
27
27
26
26
26
26
26
28
28
26
26
27
27
26
26
27
27
26
27
27
26
26
26
27
27
28
27
25
25
26
27
28
27
26
26
27
27
27
27
27
25
26
27
27
27
27
27
27
27
27
26
26
26
26
27
27
26
26
27
27
28
27
27
26
26
26
27
26
25
25
25
26
26
25
25
25
24
