28
28
29
29
29
28
28
28
29
29
28
28
28
28
30
30
30
30
28
28
30
30
29
28
28
28
28
29
29
28
27
29
30
30
29
28
28
29
29
29
28
29
29
30
30
30
30
28
28
28
28
28
28
28
28
29
29
30
29
28
28
28
28
30
30
29
28
29
29
29
28
28
29
29
30
30
29
29
28
29
30
30
30
31
31
30
30
30
30
29
27
29
34
38
45
42
38
43
40
44
40
50
50
46
44
46
52
52
61
59
61
63
72
64
60
68
64
70
72
67
66
79
80
85
79
80
70
68
68
59
64
53
51
49
52
50
50
50
47
47
48
47
44
41
38
38
35
34
33
32
31
31
31
30
27
25
25
25
28
28
28
27
27
28
28
26
26
26
26
27
27
26
25
24
26
27
28
27
27
26
24
26
26
25
26
25
25
26
26
26
25
25
25
26
26
26
26
26
27
26
27
26
26
25
25
27
28
26
27
27
26
27
27
27
27
25
25
25
24
25
24
24
25
26
26
26
26
25
26
26
25
25
24
24
24
25
24
24
23
23
24
25
25
25
26
25
25
25
25
25
25
25
25
26
26
25
25
26
26
25
26
25
25
25
26
26
25
26
25
24
26
26
27
26
25
25
25
26
26
26
26
26
26
27
27
27
26
25
26
27
26
26
26
26
27
27
27
26
25
25
25
25
25
26
26
26
27
27
27
27
26
27
26
27
27
26
26
26
27
27
27
27
27
26
26
26
27
26
