3
3
3
3
3
4
4
5
4
4
4
4
3
2
3
3
4
5
4
4
4
3
3
4
3
3
3
3
3
5
5
5
4
4
4
5
5
6
6
7
6
7
8
9
10
10
9
7
6
5
8
7
8
9
8
10
9
8
8
7
7
6
6
8
9
10
9
8
8
7
7
6
7
7
8
9
8
10
9
8
9
9
9
9
8
8
14
15
16
20
28
28
27
24
23
28
26
28
27
25
21
17
14
11
14
13
12
12
10
8
8
8
6
6
7
8
7
6
6
5
6
6
5
6
6
7
6
6
4
5
6
6
6
6
6
6
5
3
4
3
4
5
6
6
6
7
7
6
5
6
6
5
6
7
7
6
7
9
8
7
7
10
11
10
9
9
6
6
6
6
5
5
4
5
5
5
5
4
3
5
5
5
7
9
8
6
6
4
4
4
6
8
8
7
8
7
7
7
8
6
5
4
4
4
5
4
5
6
6
5
5
4
3
4
3
4
4
5
6
6
6
9
8
7
5
5
6
6
5
5
5
5
4
5
4
3
4
4
4
5
6
6
5
5
5
4
4
5
5
5
4
5
5
4
5
5
5
5
5
4
4
5
5
4
3
5
5
5
4
4
5
5
8
8
7
6
6
6
6
5
4
3
5
4
5
4
5
4
4
6
6
6
5
6
6
5
6
6
6
6
4
4
4
7
6
6
5
5
5
6
6
5
5
4
4
4
5
4
4
4
4
4
5
5
5
5
5
5
6
4
4
