4
4
4
4
3
4
5
5
5
4
4
3
2
2
4
3
3
2
2
3
3
3
1
2
1
2
4
3
2
2
3
2
4
5
6
5
4
4
4
3
2
4
4
3
4
4
5
6
6
5
4
5
4
4
4
3
3
4
4
3
5
5
6
5
4
4
4
5
4
3
2
3
3
4
5
4
4
4
4
3
3
4
4
4
4
4
4
4
4
3
3
5
4
3
7
6
10
13
10
11
27
34
40
36
34
34
32
25
22
18
14
12
11
9
7
9
7
7
5
6
5
5
4
4
3
4
4
5
5
5
5
4
6
6
5
4
4
3
4
4
4
3
3
6
5
5
4
4
3
4
4
4
4
4
3
3
3
4
4
3
3
4
4
4
4
4
4
5
5
4
5
5
4
4
5
5
5
4
4
4
3
4
3
4
4
4
4
4
4
5
5
5
5
5
4
4
7
6
6
5
5
4
4
4
4
4
3
4
4
4
4
5
5
5
5
4
4
5
4
3
4
4
4
4
3
4
3
3
4
3
4
4
3
4
3
3
4
4
5
4
5
5
5
4
4
4
5
4
4
5
4
4
3
2
2
4
3
2
3
3
4
3
4
4
4
3
3
4
4
3
4
4
3
3
3
4
4
5
4
4
4
3
4
5
5
5
4
4
5
4
3
3
3
3
3
3
3
2
3
3
3
3
2
2
3
3
3
3
2
3
2
3
2
3
2
2
2
2
4
4
3
3
2
2
4
4
4
3
3
4
