6
5
5
6
5
5
4
4
4
3
3
3
5
5
4
5
4
4
4
4
4
3
3
3
3
5
5
5
4
4
4
4
4
5
4
5
6
5
4
4
5
5
4
4
5
4
4
5
5
5
4
4
4
3
4
3
3
5
4
4
5
5
5
5
5
6
5
4
5
6
5
6
10
14
15
14
16
17
19
23
28
25
32
29
24
26
23
24
19
16
13
11
10
8
7
6
6
5
5
6
6
6
6
7
6
5
5
5
4
5
5
6
7
6
6
6
5
5
5
5
6
4
4
4
3
3
4
3
3
4
4
4
3
4
4
4
5
6
6
7
7
6
6
4
4
3
4
4
4
5
5
4
4
4
4
4
4
3
4
3
3
4
3
4
3
2
3
3
3
3
4
4
4
4
3
3
3
3
4
3
3
2
2
2
4
4
3
4
5
4
4
5
6
6
7
6
5
5
5
4
4
3
3
3
3
4
4
4
3
2
3
2
4
4
5
4
4
4
3
3
3
6
5
4
4
3
4
5
4
4
4
4
4
4
3
4
3
6
5
5
4
4
4
4
3
3
4
4
4
4
3
4
5
6
6
5
5
5
4
4
4
5
5
4
4
3
2
2
4
4
4
3
3
5
4
4
5
4
5
5
5
4
4
4
3
3
5
4
3
3
4
3
4
4
3
3
3
4
3
3
4
3
3
4
4
4
3
3
3
4
5
4
4
2
2
2
2
3
3
3
3
4
4
5
4
3
3
2
4
6
