3
3
4
4
5
5
3
3
3
4
4
3
3
3
3
3
4
4
4
4
4
4
3
3
3
5
5
4
5
3
3
3
3
4
3
3
4
3
3
4
4
4
3
2
3
3
3
4
4
3
3
4
4
3
3
3
3
4
4
4
4
4
3
3
2
2
4
4
4
4
4
3
2
4
4
4
4
5
4
4
4
3
4
4
3
3
2
4
3
3
4
2
10
11
14
14
15
21
27
29
35
36
33
36
33
27
23
21
22
18
15
13
12
10
9
9
8
7
6
6
6
6
6
5
5
5
5
8
6
7
5
5
4
4
4
4
4
4
4
3
3
3
4
3
4
5
5
4
4
3
4
4
4
4
3
3
5
4
4
4
3
3
4
4
3
3
4
4
3
3
3
4
4
3
4
4
4
3
3
3
4
5
5
4
3
2
3
2
3
3
2
2
2
3
3
3
2
2
3
4
3
4
3
4
4
4
3
4
3
4
4
3
4
3
3
4
4
4
2
4
3
3
3
5
5
4
4
5
4
3
3
3
3
3
4
4
4
4
3
2
1
5
3
4
3
2
3
4
4
3
3
3
4
4
4
4
3
2
3
4
4
4
3
3
3
4
4
4
4
4
3
2
2
4
5
4
3
4
4
3
4
3
3
3
4
4
3
4
4
3
3
3
3
3
3
3
3
3
4
3
3
3
4
4
4
2
3
3
3
3
2
2
2
2
2
2
4
3
2
2
4
5
3
4
3
3
