4
3
2
2
2
2
2
3
4
4
4
4
3
3
3
3
4
4
4
4
4
4
4
4
4
4
3
4
4
3
3
3
4
4
4
4
3
3
3
2
2
2
2
3
3
3
4
3
3
3
4
4
5
5
5
4
5
5
4
4
4
3
4
4
3
3
3
4
4
3
4
3
3
3
3
3
3
3
4
4
4
4
5
4
4
4
3
3
3
3
3
4
4
4
4
3
3
3
4
3
3
3
4
4
3
2
3
3
3
6
15
22
27
28
25
27
28
29
27
25
24
23
32
33
27
26
30
26
24
28
24
21
16
14
12
12
9
7
6
6
6
5
4
3
4
3
3
2
4
4
7
5
5
4
3
3
2
7
6
5
6
5
5
5
4
3
3
3
3
4
4
4
5
4
4
6
6
4
5
5
4
3
3
2
3
3
3
3
2
4
4
4
4
4
5
4
4
4
7
6
5
4
3
4
4
4
5
4
3
3
3
3
2
2
2
2
2
2
2
2
3
3
3
3
2
2
3
4
5
5
5
5
5
4
4
4
3
2
4
4
4
3
3
4
4
4
4
4
3
3
2
3
3
3
3
3
4
4
4
5
4
3
3
4
6
4
5
5
6
5
4
4
4
4
4
4
3
4
4
4
4
4
3
2
3
2
2
2
3
3
3
3
4
3
2
3
2
2
5
4
4
3
3
3
2
4
3
3
3
3
4
4
4
5
4
5
5
5
5
4
3
3
3
4
4
3
3
4
4
4
3
