8
11
9
7
9
7
8
8
8
8
8
8
9
15
17
14
12
15
16
13
12
11
11
9
8
10
9
10
10
14
17
15
11
9
8
7
7
5
7
6
6
5
5
5
5
4
4
3
3
3
3
3
3
5
5
4
4
4
3
4
4
4
4
3
3
3
4
4
4
4
3
4
4
4
4
4
5
6
5
5
4
5
6
5
5
4
3
4
5
5
4
3
5
4
4
4
4
4
4
3
4
4
4
3
4
3
3
3
4
3
4
4
5
4
5
4
3
4
4
4
4
4
4
5
5
8
11
18
23
21
21
44
42
46
50
50
44
42
35
32
27
20
17
14
12
10
8
6
6
8
6
7
6
5
6
4
5
6
6
5
6
5
5
5
5
6
5
5
6
5
5
4
4
5
4
4
4
5
4
4
5
5
4
5
4
3
3
3
3
4
4
4
5
4
4
4
3
3
3
3
3
2
3
2
2
3
3
2
4
3
3
3
2
3
3
2
2
3
3
2
3
3
3
4
2
2
3
5
4
4
4
3
3
4
4
3
4
5
4
5
4
4
5
4
4
5
4
4
4
3
3
3
3
3
2
3
3
3
3
4
3
3
4
4
3
3
3
5
4
4
4
4
3
3
3
3
2
2
3
3
3
3
2
4
4
3
4
3
3
3
2
2
3
3
3
3
3
4
3
3
4
3
3
3
2
3
4
4
4
3
4
4
4
3
3
4
4
5
4
4
3
3
3
4
3
3
4
4
