5
4
5
4
4
4
4
4
4
5
6
5
4
4
4
4
5
4
5
4
6
6
8
10
10
13
15
12
10
9
8
9
8
8
8
7
8
8
6
7
6
6
6
5
6
6
6
9
8
7
8
6
7
7
7
7
6
11
11
9
8
7
6
6
7
8
7
5
5
5
5
5
6
5
6
5
6
6
5
6
6
5
5
7
7
7
7
6
5
6
6
5
4
8
9
8
8
7
8
6
5
5
7
7
7
8
9
11
9
9
14
13
18
22
30
29
32
34
32
26
26
20
19
16
17
16
13
14
12
13
13
12
12
13
11
11
11
10
10
9
8
8
7
6
5
4
5
3
3
4
4
4
4
4
4
5
4
4
4
3
4
3
4
3
3
4
2
3
4
4
3
3
3
3
3
3
3
3
4
4
3
5
4
3
3
4
4
3
2
3
3
3
2
3
5
4
5
5
4
4
3
4
5
4
3
4
4
4
3
3
4
4
4
3
2
3
4
4
4
4
5
4
4
4
4
3
2
2
3
2
4
4
3
4
5
4
4
3
3
3
3
4
4
4
4
4
4
5
4
4
3
3
3
3
3
3
4
4
3
4
2
2
2
3
4
4
4
4
4
3
4
4
4
4
3
4
4
4
4
4
4
4
4
3
2
2
4
4
4
4
3
3
3
3
2
2
2
2
3
4
3
4
4
5
4
4
3
3
3
4
4
3
3
3
3
4
3
3
3
2
2
2
2
3
3
2
3
3
5
