5
5
6
5
6
6
5
5
4
3
4
5
4
5
4
3
3
3
2
3
5
5
4
4
4
3
3
3
3
4
5
4
6
4
4
4
3
4
4
4
4
3
2
4
4
5
5
5
4
4
4
4
4
5
4
4
4
3
5
4
4
4
3
5
6
5
5
5
6
6
7
13
18
16
17
19
18
15
18
24
24
28
26
24
26
21
23
22
19
14
12
12
10
9
9
9
8
8
7
6
5
6
8
7
7
6
7
6
5
4
5
6
5
4
4
4
4
4
4
5
5
4
4
4
4
4
6
5
4
4
4
4
4
5
4
4
4
3
4
4
5
6
6
6
4
4
5
5
5
4
4
4
4
4
4
4
5
4
5
4
4
4
5
6
6
5
5
4
5
5
4
4
5
4
4
4
5
3
3
4
5
5
5
4
4
4
4
5
6
7
5
5
4
5
5
5
4
4
4
3
3
3
4
4
5
6
6
5
5
4
4
4
5
4
4
3
3
3
2
4
4
4
4
4
4
3
5
5
4
4
5
5
6
5
5
7
6
5
4
5
4
4
4
2
3
3
3
3
3
4
4
4
4
4
5
6
6
4
4
5
4
4
4
4
4
4
4
4
4
5
5
5
5
5
4
4
4
5
4
4
4
3
4
3
5
6
5
4
4
4
5
4
5
4
3
4
3
4
4
4
4
3
4
4
4
5
4
4
3
4
4
3
5
5
7
5
4
4
4
4
3
4
3
5
5
5
