3
3
3
3
4
4
4
4
3
3
3
3
4
3
3
3
2
2
3
3
3
3
3
2
2
2
1
2
2
2
3
3
3
3
4
5
4
3
4
5
5
4
4
5
5
5
5
4
5
5
5
4
4
5
5
5
5
6
6
4
5
5
6
5
5
4
4
4
4
4
3
4
3
3
3
3
2
2
3
2
3
3
3
3
3
4
3
3
3
3
4
4
2
3
2
2
3
2
3
5
4
5
5
6
7
6
7
7
18
33
38
35
44
51
54
50
42
42
33
28
23
20
17
14
11
9
8
7
6
5
5
5
5
4
5
5
6
6
6
5
5
5
5
5
5
5
4
4
4
4
4
3
2
2
2
2
3
5
5
4
4
4
3
3
2
2
4
4
4
4
4
4
4
4
6
5
4
4
5
5
5
5
5
5
5
4
4
4
4
4
4
4
4
3
4
6
7
6
5
4
4
2
3
5
4
5
4
4
4
3
3
3
4
4
4
4
4
3
5
6
5
6
5
4
4
4
4
4
4
3
3
4
3
4
4
6
5
5
5
4
5
4
4
3
3
3
2
2
2
2
2
2
3
4
4
4
4
4
3
3
3
4
4
3
4
4
4
5
5
4
4
3
3
3
3
3
4
4
2
3
4
3
3
3
4
3
2
2
3
4
4
3
3
3
4
4
3
3
2
3
4
4
3
3
3
3
3
4
4
3
3
3
3
3
5
4
3
3
4
3
3
4
3
4
4
4
4
3
3
2
