0
0
0
0
0
0
0
0
0
0
0
0
0
0
0
0
0
0
0
0
0
0
0
0
0
0
0
0
0
0
1
0
0
0
0
0
0
0
0
0
0
0
0
0
0
0
0
0
0
0
0
0
0
0
0
0
0
0
0
0
0
0
0
0
0
0
0
0
0
0
0
0
0
0
0
0
0
0
0
0
0
0
0
0
0
0
0
0
0
0
0
0
0
0
0
0
0
0
0
0
0
0
0
0
0
0
2
3
3
10
9
13
14
16
17
20
18
23
23
19
16
25
28
31
25
31
33
30
29
24
19
14
12
9
7
6
5
5
4
3
4
2
2
2
2
2
1
1
1
0
1
1
1
1
1
0
0
0
0
0
0
0
0
0
0
1
0
1
0
0
0
0
0
0
1
0
0
0
0
1
2
2
1
0
0
0
0
1
3
2
3
1
1
0
1
1
0
0
0
0
0
0
0
0
0
0
0
0
0
0
0
0
2
1
0
0
0
0
0
1
1
1
1
1
1
0
0
0
0
1
0
0
0
0
0
0
0
0
0
0
1
0
0
0
0
0
0
1
2
1
0
1
0
0
0
0
0
0
0
0
0
0
1
1
2
3
2
2
2
2
1
1
0
0
1
2
1
2
3
2
5
3
4
3
1
0
1
1
1
1
1
0
0
0
3
1
1
2
2
4
4
3
4
2
5
3
4
4
4
3
3
2
2
2
1
1
1
1
3
2
3
2
2
1
1
1
2
2
