4
3
2
2
2
2
1
2
3
4
4
4
3
3
3
3
2
2
2
2
2
2
2
2
2
1
1
1
2
1
1
2
3
3
4
3
4
4
4
3
4
3
4
4
4
4
3
4
4
4
3
4
4
4
4
5
4
3
2
2
2
4
3
3
3
3
4
4
4
4
3
4
3
4
4
3
4
4
4
4
4
4
3
4
3
3
4
4
4
5
5
4
2
3
3
2
5
13
16
23
24
26
24
29
30
27
27
23
28
26
21
16
14
12
11
9
7
6
6
6
5
5
4
3
3
3
3
2
3
3
3
4
4
3
3
2
3
3
2
1
2
2
2
3
2
3
3
3
3
4
3
3
2
2
2
2
4
3
3
3
4
4
4
3
3
3
4
3
4
3
4
4
4
4
3
4
5
5
5
4
4
4
3
3
4
3
3
2
3
3
3
3
3
3
4
5
4
4
3
3
3
3
5
6
6
6
5
5
4
3
4
3
3
4
5
4
5
5
5
4
4
4
4
4
4
4
5
5
5
5
4
3
4
5
5
5
5
4
4
4
4
3
3
3
4
5
7
9
8
8
8
9
10
7
10
9
8
8
8
7
8
8
9
9
10
11
10
9
8
7
8
8
8
7
7
7
7
8
8
7
6
6
6
7
8
7
6
6
6
5
5
5
5
4
4
5
4
5
5
5
6
7
5
5
4
6
5
7
6
5
5
4
4
4
5
5
6
5
3
4
4
3
3
4
3
2
2
3
3
3
