4
4
5
4
4
4
5
4
4
4
5
5
7
6
5
5
3
3
2
2
3
3
2
2
2
2
2
3
3
3
4
4
5
4
3
3
3
2
3
3
4
4
4
5
4
4
4
5
4
5
5
5
5
4
4
4
4
5
6
5
6
5
4
4
3
4
4
5
5
4
4
3
2
5
4
5
5
4
5
4
5
4
4
4
4
4
4
4
5
5
5
4
4
4
4
4
5
5
5
4
4
8
20
22
29
31
32
28
30
25
25
22
28
25
23
18
17
21
18
15
12
10
10
9
8
8
9
8
6
7
6
6
6
6
5
5
6
6
5
5
4
5
5
5
5
4
4
4
4
4
4
4
3
4
5
6
5
4
4
4
4
4
3
4
4
4
4
2
5
4
4
4
4
6
5
4
5
4
4
3
4
3
2
3
4
4
6
5
5
4
4
5
3
4
4
4
3
4
4
4
4
3
3
3
4
4
4
4
5
3
3
3
3
4
3
3
3
2
4
4
4
4
4
4
4
4
4
5
4
5
6
5
5
5
4
4
4
5
3
6
4
4
3
4
4
6
5
5
5
4
5
5
5
5
5
4
4
5
5
5
5
5
5
4
4
4
4
4
6
5
4
5
6
5
4
4
4
5
5
5
5
5
6
5
6
7
6
4
4
5
4
4
6
6
6
6
6
5
5
4
3
3
3
2
3
3
3
4
4
4
3
3
5
4
3
3
3
3
4
5
6
6
6
5
5
3
3
