4
4
4
3
3
4
4
3
3
3
4
5
5
5
4
4
4
4
4
3
3
4
3
3
3
3
3
4
4
3
4
5
5
5
6
5
5
6
5
4
5
5
4
4
4
3
3
3
3
4
4
4
4
4
3
4
4
4
4
3
3
3
4
5
4
3
3
3
2
2
2
3
3
2
3
3
3
2
3
4
4
4
3
3
3
4
4
4
4
4
4
3
3
5
4
3
5
4
4
3
6
10
10
13
24
23
23
24
33
29
26
30
26
22
22
23
20
16
13
10
10
10
10
9
7
7
7
9
7
5
5
7
6
5
5
4
4
4
5
5
4
4
5
4
6
4
4
4
4
5
4
4
4
5
5
5
4
4
3
3
3
4
4
4
3
3
3
2
2
2
2
3
4
4
3
4
3
3
3
3
3
3
5
4
4
4
4
3
3
2
4
4
4
4
4
5
5
5
5
4
3
3
3
4
4
4
4
5
5
5
6
5
4
4
4
4
4
3
5
4
5
4
5
5
5
5
5
5
5
5
4
4
3
3
4
3
4
3
3
4
4
4
4
3
4
4
4
4
3
4
3
2
4
4
5
5
5
4
5
4
4
4
3
3
4
5
5
4
3
2
4
5
4
6
5
4
5
4
4
4
5
4
4
3
5
6
5
6
5
4
5
4
4
4
4
4
4
4
5
5
5
5
5
4
3
3
3
3
3
2
2
4
4
4
4
5
4
3
3
3
3
3
3
3
3
3
3
4
3
4
3
