3
4
5
4
3
2
3
3
5
3
3
4
5
6
4
5
4
4
4
4
3
3
3
3
3
3
3
4
4
5
5
4
3
3
2
2
3
3
3
3
4
3
3
3
4
3
2
2
3
3
2
3
3
3
3
3
3
2
2
2
2
2
2
1
2
2
3
3
2
3
3
3
3
3
2
3
4
4
4
4
2
3
4
6
6
6
6
6
6
6
6
6
6
6
4
5
12
23
33
47
50
58
52
50
48
46
44
48
47
38
32
33
27
22
18
15
12
10
10
8
7
7
7
5
5
5
4
3
3
5
5
5
4
3
3
3
3
4
5
4
4
3
2
3
3
3
4
5
5
4
4
4
4
5
6
5
5
4
3
5
4
5
5
5
4
5
4
7
5
4
3
3
3
2
3
3
5
4
4
3
3
3
3
2
3
3
2
3
3
4
3
4
3
3
4
4
4
4
5
5
4
4
3
4
3
4
3
4
3
2
2
2
3
3
4
3
3
3
4
4
6
4
5
6
6
9
7
6
4
5
4
4
5
4
4
4
5
3
3
3
4
4
3
3
4
4
4
3
2
4
2
3
3
4
4
4
4
5
4
5
5
4
5
5
5
6
4
5
4
5
5
5
4
5
4
6
5
5
4
3
4
4
4
3
3
4
4
4
4
4
3
4
4
5
4
4
4
4
4
4
4
4
4
4
4
4
4
3
4
4
4
5
5
4
3
3
4
3
3
4
5
5
4
5
6
5
5
