8
8
7
8
6
6
7
7
8
12
13
12
10
9
9
9
9
7
6
8
8
7
8
7
10
14
14
13
10
11
9
10
12
11
9
10
8
10
9
7
8
6
14
11
10
12
9
8
8
8
9
8
7
8
8
6
10
8
10
8
7
10
9
9
7
5
8
6
4
8
6
9
8
8
9
8
6
8
7
9
8
8
7
6
7
8
7
7
6
6
6
6
7
6
5
6
6
5
9
7
9
10
12
15
12
11
11
10
10
8
7
9
16
20
16
14
14
11
11
11
9
9
7
6
8
13
18
23
28
28
33
29
34
34
34
29
31
28
23
21
21
20
18
14
13
13
10
13
11
12
13
17
14
13
12
13
10
9
10
8
11
10
10
12
10
9
9
8
10
9
8
9
8
8
8
8
10
9
8
9
8
9
10
10
11
8
8
9
7
9
7
7
9
10
8
9
7
10
9
11
12
10
12
11
10
9
9
8
8
7
11
9
9
9
9
8
11
9
10
9
8
14
10
12
10
10
11
15
14
15
13
13
10
8
8
7
6
7
6
6
5
7
9
8
9
9
8
7
7
7
10
11
10
9
9
11
9
9
10
9
10
11
10
12
13
16
13
10
13
12
10
10
8
11
9
7
10
15
14
12
11
11
11
11
12
10
11
9
9
12
11
10
10
8
12
11
9
10
9
15
12
16
18
15
14
13
9
12
11
10
11
10
9
8
8
10
8
7
8
7
11
9
8
16
12
10
11
